 239.0   92.0
 0.500  0.000  0.000  0.100 -0.160  0.000  0.000
  272
 -40.793    1 -39.195    1 -36.172    1 -35.681    3 -35.196    1
 -33.757    3 -33.124    1 -32.291    1 -30.778    3 -30.070    1
 -29.952    5 -28.641    3 -28.000    1 -27.441    1 -27.239    5
 -26.808    3 -25.932    1 -25.345    3 -24.699    1 -24.520    5
 -23.680    7 -22.717    3 -22.536    1 -22.190    3 -22.043    1
 -21.375    5 -20.917    1 -20.169    5 -20.093    3 -19.980    7
 -19.266    1 -18.340    3 -17.802    1 -17.642    7 -17.271    3
 -17.067    1 -16.929    9 -16.823    5 -15.730    3 -15.531    1
 -15.377    5 -14.406    1 -14.267    5 -14.179    3 -13.933    7
 -13.349    1 -13.277    3 -12.700    1 -12.381    5 -12.190    9
 -12.190    7 -11.180    3 -11.012    1 -10.671    3 -10.521    1
 -10.514    5 -10.284    9  -9.765   11  -9.743    5  -9.380    3
  -9.291    7  -8.951    1  -8.515    1  -7.910    3  -7.545    5
  -7.398    1  -6.235    9  -6.180    5  -5.983    7  -5.832    7
  -5.693    1  -5.531    3  -5.438    3  -5.085    1  -4.880    5
  -4.550    3  -4.520    1  -4.402    7  -4.370    5  -4.030   11
  -3.828    3  -3.372    1  -3.331    9  -2.911    1  -2.831    7
  -2.602    3  -2.534   11  -2.254   13  -2.121    5  -1.944    1
  -1.574    9  -1.476    3  -1.090    1  -1.060    5  -0.893    7
   0.084    3   0.150    7   0.205    5   0.279    1   0.491    3
   0.799    1   0.990    3   1.104    5   1.216    1   1.322    3
   1.747    9   1.828   11   1.925    1   1.991    1   2.151    7
   2.443    5   2.665    7   2.924    1   3.045    3   3.113    9
   3.113    5   3.381    3   3.775    7   3.798    1   3.891    5
   4.234    1   4.294    3   4.295   13   4.388    9   4.537    5
   4.634    3   4.718    1   5.174    1   5.264    1   5.283    5
   5.490    7   5.511   15   5.518   11   5.540   13   5.699    3
   5.861    3   6.004    5   6.137    9   6.242    1   6.308    3
   6.314    1   6.376    5   6.444    3   6.473    9   6.672    7
   6.731    1   6.872   11   7.008    7   7.354    1   7.357    9
   7.429    3   7.503    5   7.569    1   7.752    5   7.769    7
   7.861    3   7.982    7   8.070   11   8.166    1   8.246    3
   8.475    7   8.670    5   8.775    1   8.972    9   9.071    3
   9.178    1   9.231    3   9.349    7   9.352    5   9.456    1
   9.543    3   9.788    1   9.965    9   9.971    5  10.085   13
  10.160    5  10.323    1  10.326    3  10.399    5  10.562   11
  10.787    3  10.790    9  10.810    7  10.824    1  10.902    7
  11.093    5  11.096   11  11.483    3  11.567    5  11.590    1
  11.647    1  11.687    7  11.729    9  11.778    3  11.882    9
  12.267    1  12.314    5  12.442   15  12.486    7  12.501    3
  12.535    9  12.547    1  12.722   11  12.788    7  12.863    3
  13.036    9  13.061   13  13.253   11  13.298    1  13.336    7
  13.372   17  13.381    5  13.405    3  13.466    5  13.549    9
  13.551    3  13.664   15  13.883    1  13.983    5  14.005    1
  14.007   13  14.263    5  14.382    1  14.526    7  14.598    9
  14.676   11  14.684    5  14.786    3  14.907   13  14.940    3
  14.981    1  15.026   13  15.219   11  15.288    1  15.462    5
  15.512    9  15.532    3  15.651    7  15.733    1  15.863   11
  15.926    7  16.114    3  16.197    7  16.333   11  16.396    1
  16.454    9  16.531    3  16.628    3  16.676   15  16.706    7
  16.746    5  16.770    7  16.961    1  17.046    7  17.049    3
  17.165    5  17.200   13  17.279    1  17.402   11  17.426   11
  17.447    9  17.462    1  17.571    3  17.757    5  17.799    9
  17.929    1  18.005    5  18.475    3  18.478   13  18.573   15
  18.606    5  18.716    7
  272
 -33.903    1 -33.174    1 -29.841    1 -29.424    3 -28.834    1
 -27.996    3 -27.160    1 -26.063    1 -24.677    3 -24.140    5
 -23.679    1 -22.585    3 -21.932    1 -21.499    5 -20.951    1
 -20.904    3 -19.648    1 -19.023    3 -18.525    5 -18.274    1
 -18.106    7 -16.642    3 -16.363    1 -15.900    3 -15.550    5
 -15.472    1 -14.387    1 -14.181    7 -14.025    5 -13.505    3
 -12.507    1 -11.930    3 -11.703    7 -11.464    1 -11.451    9
 -11.246    3 -10.856    5 -10.612    1  -8.867    1  -8.819    5
  -8.792    3  -8.144    7  -7.771    5  -7.732    3  -7.199    1
  -6.698    1  -6.578    3  -6.232    9  -5.945    1  -5.697    7
  -5.411    5  -4.859    3  -4.424    1  -4.364    5  -4.353    9
  -4.271   11  -3.564    3  -3.423    7  -3.020    5  -2.983    1
  -2.327    3  -1.953    1  -1.363    1  -1.111    3  -0.357    1
  -0.226    9  -0.140    5   0.145    7   0.556    5   0.924    3
   1.539    1   1.657    5   1.712    3   1.780    7   2.222   11
   2.253    1   2.867    7   2.917    5   2.928    1   3.098    3
   3.192    9   3.375   13   3.456   11   3.911    3   4.202    1
   4.289    7   4.977    1   4.978    9   5.518    3   5.585    5
   5.829    7   6.380    5   6.408    1   6.721    3   6.929    3
   6.953    1   7.491    5   7.834    1   8.207   11   8.207    5
   8.243    3   8.269    9   8.344    7   8.584    1   8.705    3
   9.156    1   9.794    7  10.189    7  10.479    1  10.510    9
  10.683    5  10.700    3  11.013   13  11.423   15  11.465    7
  11.670    1  11.742   13  11.756    3  11.784    5  11.806   11
  12.103    3  12.516    1  12.532    1  12.927    5  12.997    3
  13.064    9  13.524    5  13.688    1  13.988    5  14.005    9
  14.019    1  14.141    3  14.438    3  14.496    1  14.652    7
  14.866   11  14.917    1  15.113    9  15.138    3  15.343    1
  15.429    7  15.527    5  15.597    7  16.162    9  16.254    1
  16.298    5  16.373    7  16.442    3  16.581   11  16.616    1
  16.820    3  16.878    1  16.883    5  16.945    3  17.043   13
  17.211    3  17.249    1  17.371    5  17.503    7  17.504    1
  17.517    3  17.620    9  17.991    1  18.030   11  18.355    3
  18.356    5  18.735    5  18.870    5  18.968    1  19.215    7
  19.264    1  19.333    3  19.401    3  19.465    9  19.782    1
  19.800    7  19.806   17  19.830    1  19.840   15  20.035    3
  20.127    7  20.242    5  20.368    1  20.468    3  20.592    5
  20.614   15  20.668    7  20.674   13  20.905    9  20.921    3
  20.955    1  21.137    5  21.277    9  21.346    1  21.354    7
  21.403    3  21.607    3  21.607    5  21.643    1  21.673   11
  21.982    9  22.023   11  22.145    7  22.209    5  22.270    1
  22.361    7  22.450    9  22.518    5  22.682    3  22.852    1
  22.947    3  22.992    5  23.346    5  23.382    1  23.395    9
  23.396    3  23.477    7  23.522   13  23.597    9  23.726    1
  23.768   11  23.920    5  24.030    1  24.181    3  24.246    5
  24.369    1  24.408    9  24.419   11  24.541    7  24.703    3
  24.711    1  24.930    1  24.937    7  25.111    7  25.161   13
  25.183    3  25.217    9  25.273   11  25.441    3  25.456    5
  25.849   11  25.967   13  25.969    1  26.004    3  26.016   13
  26.189    7  26.202    5  26.214   15  26.387    9  26.460    1
  26.505   11  26.560    3  26.592    7  26.614    3  26.680    9
  26.751    5  26.894    7  27.094    1  27.157    5  27.158    7
  27.289    3  27.364    1  27.407   11  27.439    9  27.798    1
  27.867   15  27.973   11  27.990    3  28.044    5  28.139    5
  28.239    7  28.303    9
